0
1
2
3
4
5
6
7
8
9
10
11
12
13
14
15
16
17
19
20
21
23
26
28
30
31
34
35
36
37
38
39
40
41
42
43
44
45
46
47
48
49
50
51
52
54
57
58
59
60
61
63
64
65
66
67
69
70
75
76
77
78
79
80
81
82
83
84
85
86
87
88
89
90
91
92
93
94
95
96
97
98
101
104
105
106
107
108
109
110
111
112
113
114
115
116
119
120
121
122
123
124
125
126
127
128
129
130
131
132
133
134
135
136
137
138
139
140
141
142
143
144
145
151
152
153
154
155
156
157
158
159
160
161
162
163
164
165
166
167
168
169
170
171
172
173
174
175
176
177
178
180
195
205
207
209
210
211
212
213
214
217
219
223
224
225
226
227
229
230
231
232
233
235
236
237
240
241
242
243
244
245
246
247
248
249
250
251
252
253
254
255
257
258
259
260
262
263
264
265
266
267
268
269
270
271
272
274
275
276
277
288
290
291
292
293
294
295
296
297
298
299
300
301
302
303
304
305
306
307
308
309
310
311
312
313
314
315
317
320
324
330
333
334
335
336
337
338
339
340
341
342
343
344
345
346
347
348
349
350
351
352
353
354
355
356
357
358
359
360
361
367
368
369
370
371
372
377
379
380
382
383
384
385
386
387
388
389
391
394
402
405
406
407
411
413
415
416
417
418
421
422
423
424
425
426
427
434
445
446
447
448
449
450
451
452
453
454
455
456
457
458
459
460
461
462
463
464
465
466
467
469
470
471
473
474
475
476
477
478
479
480
481
482
483
484
485
486
487
488
489
490
491
492
493
494
495
496
498
499
500
503
504
505
507
513
516
517
518
519
520
521
522
523
526
527
528
529
530
531
532
533
535
537
538
539
540
541
542
543
544
547
548
549
550
551
552
553
554
555
556
557
558
559
560
563
564
565
566
567
573
578
579
599
600
603
604
605
606
607
608
609
610
611
612
613
614
615
616
617
618
625
627
628
629
635
636
637
638
640
641
642
643
644
645
646
647
648
649
650
655
662
663
673
678
679
680
681
683
684
690
691
692
693
694
695
696
697
698
699
700
701
702
703
704
705
706
707
708
709
710
711
712
713
714
715
716
717
718
719
720
721
723
725
726
728
729
730
731
732
733
734
737
739
740
741
742
743
744
745
749
753
754
755
756
757
758
760
761
762
763
764
765
766
767
768
769
770
771
772
773
774
775
777
779
780
782
783
786
787
788
789
791
792
793
794
795
796
805
806
807
808
809
810
813
814
815
816
817
819
825
826
827
828
829
831
833
834
835
839
840
841
842
843
846
849
850
852
853
854
855
856
857
858
860
862
867
868
869
870
871
872
873
874
875
876
877
878
879
880
881
882
883
884
885
886
889
890
891
892
893
894
897
899
900
902
903
904
905
910
911
912
913
914
915
916
917
918
919
920
921
922
923
924
925
926
927
928
929
930
931
932
933
934
935
936
937
940
942
946
950
952
953
954
955
958
961
962
963
964
965
966
968
969
971
978
992
993
997
