18
20
21
22
24
25
27
29
53
55
56
62
68
71
72
73
74
80
100
103
179
181
182
183
184
185
186
187
188
189
190
191
192
193
194
196
197
198
199
200
201
202
203
204
206
208
234
261
273
281
289
316
318
319
321
327
328
329
362
363
364
365
366
374
375
392
401
419
420
436
437
441
442
446
451
468
497
501
502
510
511
512
514
515
534
536
538
546
568
569
570
574
575
576
577
580
581
582
583
584
585
586
587
588
589
590
591
592
593
594
595
596
597
598
601
602
619
620
621
623
624
626
630
631
632
633
634
639
656
657
658
659
660
664
669
676
677
689
738
750
751
752
776
778
781
797
799
800
801
818
820
821
822
824
830
844
845
859
860
861
863
864
865
866
887
888
895
896
898
906
907
908
909
938
939
967
970
972
973
974
975
976
977
979
980
981
982
983
984
985
986
987
988
989
990
991
998
999
